
correlation =

                         1         0.554599264991065         0.249373675380011        -0.216575037138942
         0.554599264991065                         1         0.157861700788098        -0.356110477665697
         0.249373675380011         0.157861700788098                         1          0.18705711370009
        -0.216575037138942        -0.356110477665697          0.18705711370009                         1


covariance =

      0.000149235557601678     5.35878611338219e-005     3.73291159392499e-005    -1.98686524851011e-006
     5.35878611338219e-005     6.25607511588529e-005     1.52999036922032e-005    -2.11523970067296e-006
     3.73291159392499e-005     1.52999036922032e-005      0.000150148806515967     1.72130975908247e-006
    -1.98686524851011e-006    -2.11523970067296e-006     1.72130975908247e-006     5.63959244160529e-007


nVar =

     4

                                            First-order      Norm of
 Iter F-count            f(x)  Feasibility   optimality         step
    0       5   3.563633e-005   0.000e+000   2.477e-005
    1      10   3.641494e-005   0.000e+000   2.504e-005   5.476e-003
    2      15   4.317560e-005   0.000e+000   2.726e-005   4.527e-002
    3      20   7.119010e-005   0.000e+000   5.537e-005   1.576e-001
    4      25   1.738798e-004   0.000e+000   1.500e-004   4.010e-001
    5      30   5.675383e-004   0.000e+000   3.619e-004   8.983e-001
    6      35   5.366981e-004   0.000e+000   2.735e-004   5.519e-002
    7      40   4.996303e-004   0.000e+000   2.660e-004   6.823e-002
    8      45   4.972342e-004   0.000e+000   2.660e-004   4.241e-003
    9      50   4.958770e-004   0.000e+000   2.660e-004   2.639e-003
   10      55   4.935077e-004   0.000e+000   2.634e-004   1.272e-002
   11      60   4.839708e-004   0.000e+000   2.509e-004   6.178e-002
   12      65   4.498576e-004   0.000e+000   2.045e-004   2.568e-001
   13      70   3.933058e-004   0.000e+000   1.986e-004   7.492e-001
   14      75   1.821073e-004   0.000e+000   1.065e-004   4.775e-001
   15      80   1.072907e-004   0.000e+000   7.447e-005   3.462e-001
   16      85   1.005569e-004   0.000e+000   7.821e-005   1.132e-001
   17      90   9.978130e-005   0.000e+000   7.631e-005   2.134e-002
   18      95   9.901691e-005   0.000e+000   7.555e-005   1.332e-002
   19     100   9.816391e-005   0.000e+000   7.612e-005   4.130e-003
   20     105   9.677809e-005   0.000e+000   7.494e-005   2.639e-002
   21     110   9.328729e-005   0.000e+000   6.770e-005   1.335e-001
   22     115   8.757042e-005   0.000e+000   6.803e-005   4.372e-001
   23     120   9.250854e-005   0.000e+000   7.423e-005   5.003e-001
   24     125   9.844359e-005   0.000e+000   7.799e-005   4.396e-002
   25     130   1.003301e-004   0.000e+000   7.918e-005   1.839e-002
   26     135   1.013182e-004   0.000e+000   7.981e-005   1.329e-002
   27     140   1.023905e-004   0.000e+000   8.047e-005   2.293e-002
   28     145   1.026783e-004   0.000e+000   8.034e-005   4.592e-002
   29     150   1.001399e-004   0.000e+000   7.705e-005   1.650e-001
   30     155   8.909510e-005   0.000e+000   6.348e-005   6.824e-001

                                            First-order      Norm of
 Iter F-count            f(x)  Feasibility   optimality         step
   31     160   7.538233e-005   0.000e+000   4.000e-005   2.227e+000
   32     165   4.153945e-005   0.000e+000   2.510e-005   3.321e-001
   33     170   2.126932e-005   0.000e+000   8.522e-006   1.255e+000
   34     175   5.332913e-006   0.000e+000   2.290e-006   2.182e+000
   35     180   1.408852e-006   0.000e+000   5.829e-007   1.133e+000

Local minimum found that satisfies the constraints.

Optimization completed because the objective function is non-decreasing in 
feasible directions, to within the default value of the function tolerance,
and constraints are satisfied to within the default value of the constraint tolerance.

<stopping criteria details>

                                                          Norm of First-order
 Iter F-count            f(x) Feasibility  Steplength        step  optimality
    0       5   3.563633e-005  0.000e+000                          2.000e+000
    1      10   3.560752e-005  0.000e+000  1.000e+000  1.698e-004  1.190e-004
    2      15   3.546369e-005  0.000e+000  1.000e+000  8.485e-004  1.188e-004
    3      20   3.475042e-005  0.000e+000  1.000e+000  4.234e-003  1.175e-004
    4      25   3.132822e-005  0.000e+000  1.000e+000  2.095e-002  1.113e-004
    5      30   1.753412e-005  0.000e+000  1.000e+000  9.941e-002  8.200e-005
    6      35   1.070791e-006  0.000e+000  1.000e+000  2.308e-001  1.496e-005
    7      40   1.069938e-006  0.000e+000  1.000e+000  4.143e-005  1.495e-005
    8      45   1.065682e-006  0.000e+000  1.000e+000  2.071e-004  1.490e-005
    9      50   1.044627e-006  0.000e+000  1.000e+000  1.033e-003  1.463e-005
   10      55   9.448616e-007  0.000e+000  1.000e+000  5.094e-003  1.366e-005
   11      60   5.695908e-007  0.000e+000  1.000e+000  2.378e-002  1.125e-005
   12      65   4.125862e-007  0.000e+000  1.000e+000  1.465e-002  9.768e-006
   13      70   4.124305e-007  0.000e+000  1.000e+000  1.595e-005  9.766e-006
   14      75   4.116522e-007  0.000e+000  1.000e+000  7.973e-005  9.756e-006
   15      80   4.077770e-007  0.000e+000  1.000e+000  3.982e-004  9.706e-006
   16      85   3.887945e-007  0.000e+000  1.000e+000  1.981e-003  9.458e-006
   17      90   3.033350e-007  0.000e+000  1.000e+000  9.652e-003  8.250e-006
   18      95   6.696044e-008  0.000e+000  1.000e+000  4.209e-002  2.982e-006
   19     100   3.146877e-008  0.000e+000  1.000e+000  2.390e-002  2.489e-007

Local minimum found that satisfies the constraints.

Optimization completed because the objective function is non-decreasing in 
feasible directions, to within the default value of the function tolerance,
and constraints are satisfied to within the default value of the constraint tolerance.

<stopping criteria details>


Local minimum found that satisfies the constraints.

Optimization completed because the objective function is non-decreasing in 
feasible directions, to within the default value of the function tolerance,
and constraints are satisfied to within the default value of the constraint tolerance.

<stopping criteria details>


ans =

        0.0287197791110505      0.000380635219908339        0.0287197791110505
        0.0547880210408444        0.0324397149936862        0.0547880210408444
        0.0255656665777168                         0        0.0255656665777168
         0.890926533270388         0.967179649786406         0.890926533270388


ravg =

             0.00417326505       0.00321332276666667      0.000602390176666667    -1.93802166666667e-005


sd =

        0.0122162006205562       0.00790953545784156         0.012253522208572      0.000750972199325999


sharpRatio =

         0.341617265435019         0.406259354142089        0.0491605732958367       -0.0258068363703217


correlation =

                         1         0.554599264991065         0.249373675380011        -0.216575037138942
         0.554599264991065                         1         0.157861700788098        -0.356110477665697
         0.249373675380011         0.157861700788098                         1          0.18705711370009
        -0.216575037138942        -0.356110477665697          0.18705711370009                         1


ans =

        0.0287197791110505        0.0547880210408444        0.0255656665777168         0.890926533270388


postRiskCont =

     1.83984013573011e-007      1.9029196529511e-007     1.86183252047755e-007     3.32761556775259e-007

>> 